1.79573783591196 1.6973855218264
0.868125815265845 1.08527306265767
1.10354455736532 1.97417072561431
1.14299809885183 0.640270644643441
1.70890226964765 1.01557560132439
1.7060039132368 1.36352830755351
1.68317681128038 1.54519509260982
0.823841506131335 1.63499169302769
1.64610493884301 1.29167067335743
1.1971172628598 2.52487314970443
1.70979532479062 1.57032369354923
1.07489118092713 2.28713035993273
1.5049342229819 1.2657538437444
2.09969453742636 1.59674277390256
1.17487871431007 2.27945824255383
1.02831142170906 2.06558158918394
1.8053933893871 2.11899899215201
0.415271748692238 2.06742463816095
1.96798747675021 0.764040421391842
1.90822930143206 1.51007268045695
1.87743585375833 1.65337178517844
1.74457509286056 2.03617238551462
1.61532534232423 2.15709289369936
2.15993684401803 1.41427256037385
0.672040910796327 2.26271287927869
-1.70324649463973 1.1523407430923
-1.90607582700344 1.8377886102731
-2.12148873879857 1.18059685003428
-1.99498465902791 2.18366924076278
-1.93543011196318 1.49767416079797
-1.72480194822217 1.84764427415729
-0.783536560044617 1.04141635515722
-1.59470601368841 0.987879088648564
-1.11650307009797 1.90253685188312
-0.967731416480934 2.12429168119155
-1.61886013509089 1.55286311848816
-1.88479183885727 1.02407778727766
-0.891001649935463 0.393220950161095
-0.924360046591719 1.81627348257419
-1.98243534563241 1.39855362698785
-1.38215279908903 1.15896438673321
-1.44871665645001 2.02553298206183
-0.907016570623157 2.06467213700959
-2.11488170166616 1.91190254061715
-2.61703942377827 1.68483748535546
-2.09399290183477 0.660656582455755
-1.41224919307606 2.15479611875765
-0.929184694531919 2.1178471399483
-0.965972267671291 1.17117439182513
-1.34314572836275 2.07335639998784
0.451274295025627 1.8625193138631
0.229122939964963 1.18806014711282
0.547200088245612 1.32173311687794
0.222880987041393 1.47814243612485
0.444733093310828 1.52092784259763
0.132207644690573 1.78670805600587
0.332745614809748 1.0890002477207
-0.262143969823602 0.309556572286357
-0.319849304024805 2.31812928192035
-0.219937283308849 0.965482962883562
-0.71933663292986 1.91702385967455
0.627181359671227 0.762470189978922
0.182619313103513 1.27248955485952
-0.117873430932781 1.17571216114317
0.520783091390613 1.04739430317212
-0.673615149283453 1.55346747305399
1.23280989358548 2.30938113535509
0.51299521559127 2.11413744071735
0.399759595358584 1.25891926531813
0.16718211468566 0.786161230178207
0.180344203485208 1.50159891604149
0.194244674107342 1.63371997842247
0.406701025783503 2.02067288336927
0.196303792839035 1.06110839320104
-0.286023265421093 2.15295133407208
2.38893182597408 0.149121263535827
1.64437519207159 -0.275635124129244
1.63533941939093 -0.18255093771492
2.38907265234036 -0.2016240794926
1.11155835442906 -0.276084392979699
0.938309328840241 0.707603069335266
0.886287819567744 0.378192401401759
1.63418603292179 0.0529312575374459
1.38780552135313 -0.318475932104686
2.07475506896127 0.101353156709273
1.09264354959195 0.916828477077811
1.68581674037894 -0.119152224778327
2.00703370586741 -0.478807643947724
1.72047903677987 -0.647936727698467
2.030691575283 0.257573637730128
1.28231039285688 -0.196830538197531
2.21002161307216 0.013176717050829
1.7232208654335 -0.925066258758139
1.05438349840465 -0.676836832414088
1.90433531876715 -0.129162963966658
2.00733383055288 -0.607980393199736
1.6670692655137 0.0403559700440983
1.10295412253792 -0.11086762203244
1.84708335285869 -0.516025981059775
1.26972339919686 0.0606209052109492
0.136180989382925 0.32878430264654
-1.16260808167042 -0.0287880184626139
0.5991852273879 -0.346239007524959
-0.505244035233653 0.207052653851251
-1.32509200280145 -0.450700765076115
0.491311113805822 -0.435877577713203
0.358231437133385 1.54551683831761
0.0764233064062411 0.015238475228219
-0.0214555063193723 0.311621069037823
0.39849599129863 0.821768620418885
-0.877759454190581 -0.937326978754154
0.884140314822706 0.205220785342142
-0.179549405188152 -0.854575298591797
0.112466284964513 0.242341567090788
0.0428942724146183 -0.102442762893094
0.113229400000892 -0.306283095422383
-0.012990388193921 0.468199421344777
-0.227723987321459 0.318440032019648
-1.03075368322119 0.177060922724985
0.235368418517009 -0.2503828625004
-0.602885912145043 0.54985526863273
-0.108255614667568 0.308587435353535
-0.396725236305969 -0.524564443449733
0.241146953541883 0.211503949508145
-1.16158041841086 -0.160076673870202
-2.2627856759326 0.102055938588316
-1.18664259834315 -0.0363011707646123
-1.15245290310517 0.133005777481118
-1.55581007868057 -0.0324610570337466
-2.06123019561036 0.0670726068709901
-2.24164498563942 -0.558740220765049
-2.08688403513807 -0.0268527178122548
-1.21688723051631 0.217285972116409
-1.15387925457775 0.364845495230935
-1.26098848456075 -0.334795564663505
-1.07507910269496 -0.164412321423577
-1.759550223744 0.11875890565632
-1.89174992039069 -0.395182105728789
-1.50557336785375 -0.278013197295689
-1.17593787371699 -0.441224755749978
-1.47813727514593 -0.508131575813613
-2.00161673854458 0.1141995325979
-2.06776712367876 0.228144606015852
-1.6769828893194 0.196208032986825
-1.57594456478782 0.091510048188479
-2.36210803244675 -0.0353917697141539
-1.91175823389112 -0.450186883094224
-2.01081304136704 -0.885076614624259
-1.550189480224 0.166296902656545
-1.87321054196447 0.87127369410547
1.33323089289967 -1.84747650105851
1.19285774126528 -1.97166600003032
2.33258679372289 -1.26291148113849
1.94528094087946 -2.48317663316142
1.78332327278659 -1.85406393056378
1.08041550447623 -1.55090352294193
1.89529223147246 -1.8785644836764
0.888046911131934 -1.37639002132835
1.45722465639041 -2.21863525413206
0.93978423548508 -0.429642096618002
1.88671388179339 -2.3699660977865
1.71793683883357 -2.02289932911611
1.60462000790264 -2.20030368928516
0.971008875303205 -1.83339068058315
1.8128600951982 -0.623194686882557
0.633648021067315 -2.68141224143095
1.58615136349286 -1.33761897876941
1.3533106632561 -2.14857452584291
1.71793761153821 -1.29930697028362
1.40200422101594 -1.41619170293419
2.35481230834189 -2.07405996522243
1.62752444779786 -0.914645765686296
1.25518028911636 -1.12884340214046
1.44415072642948 -1.9929863397752
2.21972020264233 -1.80448934479534
0.367856180732707 -1.50564855841547
-0.182138977486864 -1.90294564498698
-0.497199240140428 -2.24220817536632
-0.0537182700276361 -1.76585325007841
-0.185270328347594 -1.32831674833471
-0.976152811285826 -0.518896063748104
0.254465718058158 -1.75081627603055
-0.0563117294048534 -2.07652474276289
0.243135354003079 -0.836361125548305
0.431130352754088 -1.91934797998942
1.10257166506514 -1.14307489395853
-0.184568418455798 -1.51887946430233
0.455321679195088 -1.24649089038924
0.206490134567966 -1.71261656646757
0.28783620109851 -1.44276051729005
0.800373452352869 -2.00541942503537
0.898587911596458 -1.69146808905286
0.334642810456739 -1.72112143103522
0.107296339983247 -0.534254797407751
0.593971966591826 -1.69908077756099
-0.37799189446651 -0.730170655822929
-0.718127972671372 -1.52252576261792
-1.33119026942339 -1.05057733939163
0.97712395835606 -1.04826347830689
-0.293280717302359 -0.955673097117665
-1.61622862361057 -1.79799690379085
-1.49534360675032 -1.32220334681335
-1.4998681078792 -1.55537711679166
-1.9187859416247 -1.79420098802367
-2.05886928600116 -1.86976472340809
-0.805051146214665 -1.58837507740099
-1.72482943370116 -1.37516905970024
-0.923754374679116 -2.26394323144971
-2.38554657404285 -1.42394275971116
-1.34834026027018 -1.75836419091434
-1.6666461868084 -1.39140399881487
-0.83532346710849 -2.0418921082637
-2.22996726890603 -1.29029823485709
-1.16285463272583 -1.74289481122691
-0.644344710768803 -1.34899650300838
-1.06349614793069 -1.76247658342258
-1.83283691240457 -1.4404174583089
-1.32947821126604 -2.03040019172061
-2.01819378755866 -2.06833127933051
-1.56861609778011 -0.955311817658799
-1.69463549673423 -1.08251132481797
-2.46316132949271 -1.45445109605536
-2.39822409956203 -1.6003218872814
-0.923821392905466 -0.397150525047841
-1.84229085563463 -1.24993675413419
1.70836252486861 1.44974415515213
1.26751719753255 1.42438859274746
1.51460300730931 1.25554999774168
1.10037715142209 1.46930780025843
1.62727043981748 1.51623805801322
1.7630203441572 1.67339205996832
1.29960209393796 1.10558733717526
1.75346737067021 1.51564745745373
1.39192446998917 1.63246637442738
1.57221049698504 1.71620814002639
1.51628694722082 1.91432531881269
1.70721454437883 1.61139555962959
1.48345732355121 1.74257238133529
1.3355469642391 1.53857809775777
1.86823496827413 1.57983593299752
1.84260591525204 1.52694475904338
1.32096597876279 1.60696464750924
1.52205081326521 1.43626570660821
1.55040287199843 1.57894119565772
1.57378926926732 1.52870233297991
1.37783851419273 1.69645621959355
1.4306376424043 1.71228110479633
1.44952008842825 1.46407418436688
1.54501331987654 1.74492019327988
1.58650655450223 1.77009511738142
-1.19565661760459 1.70937177263736
-1.68762401280947 1.81786126910744
-1.75987960037297 1.49701319686395
-1.65105137830936 1.76322294221871
-1.60216153908901 1.78510898920575
-1.39701708782716 1.65100969812853
-1.71087261092244 1.68181490803672
-1.84025421964237 1.59190897480646
-1.60393667243036 1.42281232459719
-1.35822496536308 1.06424432739039
-1.50123518683194 1.72522765519933
-1.56884319849209 1.44838497551407
-1.53153087139892 1.60981958240937
-1.34353691484393 1.29412525680537
-1.51004665972773 1.62173160808578
-1.48905106058895 1.57702335212573
-1.3795139830443 1.18341611382196
-1.67876313282544 1.3797805692996
-1.52957429500427 0.853192647718031
-1.72636632624401 1.37300379555484
-1.77159196922851 1.99321813664635
-1.75928949285218 1.50429698878602
-1.34243713605316 1.53584462431906
-1.25905218021018 1.61464661196054
-1.41368961875476 1.81355967837363
0.224418607257997 1.44896629109234
0.34866336252352 1.38259855633728
0.302361846455044 1.25274665984756
0.266252038075605 1.89244453829576
-0.506979426026732 1.4202276219669
-0.520802186305339 1.43670008448552
0.223410421157534 0.867382511328293
-0.203376732986933 2.07400202469711
0.0186838108405022 1.57279206672746
-0.0872968325350787 1.37483475142825
-0.486166030760545 1.71157199010099
-0.0915289585760281 1.53846227244653
0.244133404524947 1.74516114670245
-0.373917968298056 1.24742790954547
0.0515920900036946 1.68263130734889
0.24134065144234 1.50135888473165
0.203242765081365 1.07324066487843
-0.387728800131253 1.26274460317633
0.0291111872922156 1.15873299159807
0.445638144207659 1.48209963404453
0.0330251667499712 1.59953436035167
-0.23923487533611 1.3602385059945
-0.179633702443476 1.75706523855404
-0.00015871598668403 1.35505889933429
-0.158563660080042 2.06205848153818
1.79981320122327 -0.00895797816519662
1.55449273725816 -0.0522168694345582
1.64339678768142 -0.181357144333168
1.40953751803703 0.116221360464792
1.45829681291128 0.549232875056736
1.56468197698263 0.428875404777541
1.74718893384366 -0.129895123284596
1.67600266882022 0.161188216827662
1.44585082557789 0.248693471474631
1.26985357286225 0.116574056734317
1.65020931803931 -0.43148551730247
1.5714791063131 -0.164641012620175
1.39359323649657 -0.14133376421414
1.83597383712946 0.491166517069705
1.52039834339652 -0.134175539533129
1.20163186689206 0.451198661609225
1.39240802802349 -0.0454273978540469
1.69944695936665 0.00703487194694189
1.69605538113254 0.251841287060889
1.36972957680405 -0.14923326221148
1.72640138066832 0.209237126518575
1.06864568689133 -0.421270769255623
1.23553962407434 -0.50099576678522
1.16643658757814 -0.138955320443415
1.29842411924076 -0.102838794850423
0.13156814048929 -0.163561435819789
0.135715358596093 -0.126651788074768
-0.0488960390851239 0.128485387890793
-0.346810384167605 0.301237468129883
0.153581902599302 -0.557134028964147
-0.563343803260864 -0.279262942053127
0.232031784770482 -0.102679647231663
-0.171754260125006 0.0727503662344705
-0.0546405054297252 -0.0359431890058072
-0.368180235892274 -0.163011099841484
0.0828901203671224 0.432772104329275
-0.0147107027507953 -0.217796427605432
0.359900488547375 -0.546618052908036
0.592669573768267 -0.00202235656150513
-0.0561110073572533 -0.376174923292856
-0.168529128676445 0.406485779438718
0.061879690556134 -0.237842394481726
-0.478768107518524 0.37088818112609
-0.197031561610111 -0.0648918083987813
-0.0113098310559093 -0.303396932370746
-0.143152343900277 -0.0570754547192101
-0.355257901057054 0.548819578034495
-0.0652980596778757 -0.224099772064709
-0.123067778191516 -0.0247199789919961
-0.179581673599528 0.357956614576219
-1.95303702367824 -0.295397647921268
-1.24697536898783 -0.2381412617375
-1.8673156342704 -0.102127861118425
-1.7345053303211 -0.152043192105008
-1.62109619330686 -0.218308999748448
-1.87981578441218 -0.000701129118890555
-1.90581918467523 -0.0517525487085663
-1.29603319393424 0.108502047734543
-1.44304462401093 -0.0946757918599649
-1.44782155913888 -0.00832389640479629
-1.38946825398503 0.134004926298664
-1.32357215643838 -0.0234436842161328
-1.40616580108464 -0.0452138960108293
-1.40341216755436 -0.261374786833114
-1.40485581425304 0.150573022251145
-1.31452835665244 0.102770915587299
-1.32380650209232 -0.265504864456883
-1.53054005994044 -0.086370581807084
-1.7313745100126 -0.134564441486915
-2.05975489317113 0.583612844158007
-1.59904902252867 -0.027865768212831
-1.65521143792633 0.411526345275903
-1.55759053501628 0.188420376415915
-1.45992274569811 -0.242298928750703
-1.12614837488109 -0.30581175751054
1.96040792816923 -1.30648540878052
1.43200598078583 -1.87136078058597
1.23712342444836 -1.22981885934772
1.69033225924049 -1.32651370432806
1.23830965272742 -1.40545830037809
1.39010997416023 -1.43424609630058
1.23786368923627 -1.59887824495286
1.09672842122133 -1.83486033244661
1.47053900639652 -1.13975241304872
1.46918699845799 -1.25973695390294
1.73969808849134 -0.714624349673724
1.35348082968043 -1.62539504722503
1.65058902959192 -1.45756567736126
1.49223987036334 -1.54729067085533
1.37461191008167 -1.30795874761942
1.29988271917206 -1.47872907132352
1.3244916476288 -1.48859621120874
1.26157689320963 -1.26387516090286
1.68976417210233 -1.40380021800707
1.18254759526673 -1.42097284678082
1.79701553932033 -1.55129525339993
1.59660180799612 -1.54565167904151
0.840468610394257 -1.63144003359059
1.06105246659206 -1.77775819391106
1.52384186519067 -1.35620507628628
0.237622566757393 -1.41206229151357
0.300309082781289 -1.40773779530474
0.0347596463231037 -1.58034871949693
-0.149040431224352 -1.48544509883654
-0.46983061616237 -1.36053229844548
-0.0543535026851951 -1.3372722215372
-0.157136865868799 -1.51904198212272
-0.104690093561296 -1.24128850553372
0.120692078388855 -1.46730492969016
0.061471418398808 -1.49793063854778
-0.328302210886675 -1.50084059185534
0.496902102595978 -1.35452708450104
-0.140532209032118 -1.5342321176475
0.199822293942526 -1.39930202333322
-0.402829034360697 -1.2892486733874
0.411047472917383 -1.55562622351044
0.0875240593248952 -1.49839667493938
0.510995866543434 -2.16325586462913
0.197175744029931 -1.76683952923626
-0.676747017020619 -1.28844425133223
-0.107403369800208 -1.37574532296341
0.0804111189300979 -1.26775370517571
-0.0332241143203831 -1.16934084600406
-0.0567904993720011 -1.67263010467689
-0.00535287457106585 -1.58218601855915
-1.31059190129397 -1.58243608457255
-1.80167049237373 -1.69625953290575
-1.60089568723675 -1.47867193601812
-1.61984990793956 -1.39573078087357
-1.42904546313552 -1.20469213402024
-1.66358671513281 -1.11053511171822
-1.74372022089848 -1.24533814578197
-1.08306687238705 -1.36930368026161
-1.80759967907308 -1.11025887871231
-1.28184243366196 -1.30097251882085
-1.47861066645528 -1.29096668992391
-0.95095077880046 -1.55521541339165
-1.78636345605671 -1.76138731908579
-1.41048386284915 -1.64693660402372
-1.25978266888881 -1.1194616409616
-1.30872604542466 -1.84880028166288
-1.62411525869898 -1.3950867124893
-1.40262205079297 -1.62913138455606
-1.77176184307511 -1.54356545965864
-1.10384589245989 -1.12809851875442
-1.68113856850076 -1.51987442627079
-1.2350626838817 -1.58097673850115
-1.25699063958429 -1.1486785630362
-1.66604952961821 -1.52171229240745
-1.44775185580088 -1.4202635714596
